7.030800821,6.2,4.1,5.7,7.1,8.3,1
22.9650924,6.2,4.1,5.7,7.1,8.3,1
15.93429158,6.2,6.2,2.6,4.8,8.3,1
15.93429158,5.4,7.6,4.9,2.5,6.7,1
8.410677618,3,4.1,8,7.1,3.7,1
8.969199179,6.2,6.2,4.1,5.6,6.7,1
8.969199179,6.2,6.2,4.1,5.6,6.7,1
120.4435318,3.8,5.5,8,4,4.4,1
8.607802875,8.6,6.9,2.6,4,7.5,1
4.435318275,5.4,5.5,3.3,7.9,8.3,1
67.35112936,8.6,4.1,1.8,7.1,6.7,1
20.92813142,3,6.9,4.9,4.8,7.5,1
20.92813142,5.4,8.4,4.9,3.3,6,1
8.936344969,7,6.2,4.1,7.1,9,1
33.57700205,9.4,1.2,4.1,5.6,6.7,1
16.39425051,8.6,5.5,4.9,4.8,5.2,1
15.34291581,5.4,5.5,3.3,4.8,6.7,1
26.4476386,5.4,6.9,2.6,5.6,8.3,1
14.71868583,5.4,6.9,3.3,3.3,7.5,1
45.37166324,7.8,6.2,6.4,7.9,6,1
45.37166324,3.8,3.4,5.7,8.7,7.5,1
36.96098563,4.6,6.2,4.9,5.6,6.7,1
22.47227926,7.8,4.8,5.7,7.1,6,1
59.20328542,5.4,4.8,7.2,5.6,5.2,1
59.20328542,4.6,4.1,8.7,5.6,2.1,1
12.38603696,7.8,6.9,3.3,3.3,7.5,1
24.3449692,7.8,2.6,5.7,7.1,5.2,1
11.95893224,3.8,1.9,9.5,7.9,3.7,1
3.252566735,3,7.6,7.2,4,7.5,1
3.252566735,1.4,8.4,8,4.8,6,1
14.58726899,8.6,4.1,4.9,5.6,6,1
16.91991786,4.6,3.4,4.1,8.7,4.4,1
28.15605749,3.8,6.9,6.4,7.1,7.5,1
60.94455852,7,6.2,4.1,2.5,6.7,1
87.68788501,7,6.2,4.1,4,9,1
43.4661191,3,4.1,8.7,7.1,6,1
22.73511294,5.4,5.5,4.9,4.8,4.4,1
22.73511294,6.2,6.2,4.9,3.3,2.9,1
22.73511294,5.4,5.5,4.9,4.8,4.4,1
22.73511294,6.2,6.2,4.9,3.3,2.9,1
13.07597536,5.4,7.6,4.9,3.3,2.1,1
7.589322382,7,4.8,6.4,4,4.4,1
36.23819302,3,7.6,7.2,4.8,2.9,1
19.08829569,4.6,7.6,5.7,5.6,8.3,1
4.369609856,6.2,3.4,8,3.3,3.7,1
80.98562628,3.8,6.2,8,4,6,1
9.100616016,7,4.8,4.1,7.1,8.3,1
36.92813142,4.6,6.2,4.9,5.6,6.7,1
3.975359343,7.8,5.5,5.7,4,5.2,1
3.975359343,6.2,6.2,5.7,6.3,2.9,1
3.975359343,7,6.2,5.7,4,3.7,1
7.589322382,4.6,4.8,7.2,6.3,7.5,1
95.21149897,8.6,4.8,4.9,4,6.7,1
41.69199179,7.8,5.5,2.6,7.1,9,1
14.9486653,8.6,6.2,3.3,6.3,6,1
50.72689938,6.2,3.4,7.2,6.3,3.7,1
50.72689938,7,5.5,5.7,6.3,6,1
35.28542094,10,4.8,4.1,5.6,8.3,1
35.28542094,8.6,4.8,4.1,6.3,9,1
35.94250513,8.6,3.4,6.4,4,6,1
15.57289528,6.2,7.6,3.3,3.3,6.7,1
15.57289528,6.2,7.6,3.3,3.3,6.7,1
52.96098563,4.6,4.1,8,5.6,6,1
7.819301848,4.6,5.5,7.2,3.3,5.2,1
81.83983573,3.8,6.9,6.4,5.6,8.3,1
55.72073922,7,6.2,4.1,4,4.4,1
4.336755647,3.8,4.8,5.7,7.9,2.9,1
18.95687885,6.2,4.1,6.4,6.3,5.2,1
18.95687885,8.6,2.6,7.2,4.8,4.4,1
53.81519507,4.6,9.1,4.1,4,6,1
90.51334702,6.2,5.5,3.3,6.3,6.7,1
40.57494867,6.2,4.8,6.4,5.6,5.2,1
59.49897331,7,5.5,3.3,6.3,5.2,1
6.603696099,7.8,5.5,1,9.4,9,1
44.78028747,7.8,4.8,4.9,5.6,9,1
6.669404517,6.2,5.5,6.4,4,4.4,1
15.70431211,8.6,5.5,4.1,5.6,6.7,0
15.70431211,8.6,3.4,4.1,7.1,6,0
15.70431211,7.8,4.1,4.1,7.1,6.7,0
59.20328542,5.4,4.8,7.2,5.6,5.2,1
59.20328542,4.6,4.1,8.7,5.6,2.1,1
17.3798768,5.4,6.9,4.9,4,6.7,1
38.86652977,5.4,6.9,2.6,5.6,8.3,1
7.950718686,7,6.2,7.2,2.5,5.2,1
7.950718686,8.6,6.9,5.7,3.3,4.4,1
96.52566735,6.2,4.8,7.2,4,6.7,1
86.53798768,3.8,6.9,8,1.7,2.1,1
52.862423,4.6,5.5,7.2,6.3,7.5,1
17.57700205,6.2,6.2,5.7,5.6,7.5,1
17.57700205,6.2,7.6,4.1,4.8,9,1
25.06776181,6.2,4.8,4.1,4,6.7,1
86.83367556,7,5.5,1.8,6.3,6,1
13.10882957,6.2,4.1,4.9,6.3,2.9,1
26.18480493,4.6,6.9,4.1,5.6,6,1
9.626283368,5.4,6.9,5.7,3.3,2.9,1
9.889117043,5.4,6.9,5.7,3.3,2.9,1
3.351129363,4.6,6.9,5.7,5.6,2.9,1
15.3100616,2.2,1,8,8.7,3.7,1
80.06570842,3,5.5,10,6.3,2.9,1
16.78850103,7,6.9,5.7,4,5.2,1
19.44969199,5.4,6.2,4.1,8.7,8.3,1
9.034907598,3.8,7.6,4.9,7.1,9,1
18.49691992,7.8,6.2,3.3,4,8.3,1
53.19096509,7,4.8,5.7,6.3,8.3,1
42.57905544,6.2,6.2,5.7,5.6,8.3,1
23.6550308,6.2,5.5,5.7,6.3,9,1
41.29774127,3.8,1.9,8.7,6.3,4.4,1
41.29774127,5.4,2.6,8,7.1,5.2,1
123.3347023,4.6,4.8,6.4,7.1,6,1
123.3347023,4.6,6.2,6.4,4,6.7,1
13.17453799,8.6,6.2,1,5.6,6.7,1
13.17453799,7,6.2,2.6,5.6,8.3,1
14.85010267,6.2,5.5,5.7,5.6,4.4,1
24.24640657,3.8,7.6,7.2,2.5,4.4,1
12.09034908,7,4.8,4.9,5.6,6,1
11.49897331,4.6,6.2,5.7,4,6,1
11.49897331,4.6,5.5,6.4,5.6,5.2,1
27.36755647,7,4.8,1.8,8.7,6.7,1
15.54004107,6.2,4.1,1.8,8.7,8.3,1
4.960985626,9.4,4.1,4.9,4,8.3,1
19.8110883,5.4,4.8,8.7,5.6,2.9,1
103.3921971,3.8,4.8,9.5,6.3,3.7,1
3.975359343,7.8,5.5,5.7,4,5.2,1
3.975359343,6.2,6.2,5.7,6.3,2.9,1
3.975359343,7,6.2,5.7,4,3.7,1
70.93223819,3.8,5.5,8.7,3.3,3.7,1
70.93223819,3,6.9,6.4,3.3,2.9,1
51.94250513,6.2,8.4,3.3,3.3,6,1
38.76796715,7.8,6.2,2.6,5.6,9,1
38.76796715,7,3.4,3.3,7.1,8.3,1
34.95687885,4.6,3.4,8.7,7.9,7.5,1
49.3798768,5.4,6.9,6.4,4,4.4,1
25.65913758,3,5.5,9.5,5.6,5.2,1
50.72689938,7.8,3.4,6.4,4,4.4,1
22.07802875,3,9.1,4.9,6.3,6.7,1
11.07186858,4.6,5.5,3.3,7.9,7.5,1
50.59548255,7,6.9,4.9,3.3,6,1
17.41273101,3.8,4.1,7.2,5.6,3.7,1
24.41067762,3.8,9.8,4.1,4,9,1
23.88501027,7,5.5,4.1,4.8,7.5,1
20.04106776,9.4,3.4,1.8,8.7,7.5,1
150.9979466,7,3.4,5.7,7.9,6.7,1
10.7761807,9.4,3.4,1,8.7,9.8,1
78.68583162,3.8,4.1,7.2,8.7,2.1,1
78.68583162,3.8,4.1,7.2,8.7,2.1,1
81.18275154,6.2,4.8,8.7,6.3,5.2,1
13.40451745,6.2,4.1,6.4,6.3,1,1
13.40451745,7,6.9,4.1,6.3,3.7,1
142.4558522,6.2,5.5,6.4,4.8,5.2,1
10.94045175,3,10,5.7,6.3,8.3,1
12.05749487,5.4,4.8,4.9,4.8,6,1
54.07802875,3,5.5,7.2,5.6,6,1
5.650924025,7.8,4.8,4.1,4,6,1
19.84394251,8.6,6.9,4.9,3.3,6,1
79.86858316,5.4,5.5,5.7,8.7,5.2,1
8.772073922,6.2,4.8,6.4,6.3,2.9,1
19.18685832,8.6,4.1,4.9,4.8,5.2,1
7.589322382,3.8,1.9,8.7,8.7,2.1,1
7.589322382,4.6,4.1,5.7,9.4,3.7,1
7.589322382,3,5.5,4.9,9.4,4.4,1
10.84188912,7.8,5.5,4.9,7.1,6,1
51.08829569,4.6,6.9,4.9,4,6,1
128.0657084,4.6,7.6,4.9,5.6,6,0
28.35318275,8.6,5.5,4.1,7.1,6.7,1
4.533880903,5.4,5.5,7.2,4.8,1.3,1
17.93839836,4.6,7.6,6.4,4.8,6.7,1
23.45790554,3.8,9.8,4.1,4,9,1
16.22997947,6.2,5.5,5.7,4,2.9,1
16.22997947,7,4.8,2.6,5.6,6,1
71.2936345,5.4,4.1,6.4,4.8,4.4,1
9.527720739,7,4.1,6.4,4.8,5.2,1
17.01848049,5.4,4.1,4.9,6.3,7.5,1
130.9897331,5.4,6.9,3.3,4,8.3,1
37.09240246,6.2,6.2,6.4,5.6,5.2,1
0.427104723,8.6,4.1,4.9,3.3,6,1
12.8788501,5.4,8.4,4.1,4.8,6,1
12.8788501,7.8,5.5,4.1,4.8,5.2,1
8.147843943,4.6,7.6,6.4,4,6,1
7.326488706,6.2,4.8,5.7,3.3,3.7,1
17.93839836,3,8.4,7.2,4.8,8.3,1
14.6201232,3.8,4.8,5.7,7.9,3.7,1
16,3,5.5,6.4,5.6,3.7,1
32.45995893,5.4,3.4,5.7,7.9,9.8,1
73.49486653,2.2,6.2,6.4,6.3,5.2,1
73.49486653,3.8,4.1,8,6.3,4.4,1
11.8275154,7.8,6.2,4.9,1.7,3.7,1
46.35728953,6.2,4.1,4.9,5.6,6.7,1
52.50102669,5.4,4.8,4.1,7.9,7.5,1
14.98151951,4.6,4.8,7.2,7.9,6,1
26.21765914,3,6.9,6.4,4.8,6,1
26.21765914,2.2,6.9,8,6.3,3.7,1
26.21765914,3,6.9,7.2,4.8,5.2,1
29.07597536,9.4,4.1,4.1,4.8,9,1
33.3798768,7.8,2.6,5.7,7.1,5.2,1
5.848049281,4.6,6.9,7.2,5.6,4.4,1
5.848049281,6.2,4.8,4.9,4.8,3.7,1
77.53593429,6.2,5.5,5.7,3.3,2.1,1
166.275154,3,5.5,5.7,7.1,6.7,1
107.1704312,5.4,1,9.5,9.4,5.2,1
19.44969199,6.2,3.4,8,3.3,3.7,1
8.640657084,3.8,4.1,8.7,4,2.9,1
13.66735113,8.6,4.8,7.2,4,3.7,1
6.275154004,5.4,6.2,4.1,6.3,9.8,1
23.19507187,5.4,7.6,2.6,5.6,6,1
16.32854209,4.6,7.6,5.7,5.6,8.3,1
26.11909651,3,7.6,4.9,5.6,5.2,1
35.38398357,3.8,10,3.3,3.3,6.7,1
25.98767967,1.4,2.6,9.5,8.7,2.1,1
3.58110883,7.8,5.5,2.6,6.3,8.3,1
3.58110883,8.6,5.5,3.3,6.3,7.5,1
3.58110883,7,6.9,4.1,5.6,7.5,1
1.708418891,4.6,2.6,8.7,4,2.9,1
25.23203285,4.6,2.6,7.2,6.3,5.2,1
13.8973306,3,9.1,4.1,4.8,6,1
63.11293634,3,4.8,4.1,7.1,7.5,1
11.30184805,9.4,3.4,4.9,3.3,6,1
11.69609856,3,4.8,7.2,7.9,5.2,1
11.69609856,3,5.5,5.7,7.1,5.2,1
30.22587269,4.6,6.2,8,7.1,5.2,0
30.22587269,5.4,7.6,5.7,7.1,6,0
38.01232033,3,4.1,8,7.1,3.7,0
21.61806982,3.8,4.8,4.9,7.1,6.7,1
39.06365503,6.2,4.8,4.1,4.8,5.2,1
138.9404517,5.4,6.9,2.6,5.6,8.3,0
23.6550308,4.6,5.5,8.7,5.6,1.3,1
20.56673511,6.2,4.1,3.3,8.7,9.8,1
94.12731006,6.2,3.4,6.4,6.3,7.5,0
2.102669405,5.4,5.5,3.3,7.9,8.3,0
96.65708419,6.2,6.2,5.7,4,5.2,0
34.49691992,1.4,4.8,5.7,6.3,6.7,0
46.78439425,3,6.2,8.7,4.8,6,1
80.16427105,4.6,5.5,8,4.8,5.2,1
11.89322382,7.8,6.2,4.9,1.7,3.7,1
79.86858316,7.8,6.9,3.3,3.3,5.2,1
2.201232033,5.4,6.2,7.2,2.5,5.2,1
16.82135524,5.4,7.6,8.7,2.5,2.9,0
6.045174538,4.6,4.8,8.7,4.8,6,0
1.741273101,6.2,4.8,8,4,2.9,1
24.18069815,6.2,3.4,6.4,4.8,3.7,1
38.01232033,6.2,3.4,6.4,4.8,3.7,0
5.749486653,8.6,5.5,1,6.3,9.8,1
12.02464066,5.4,4.1,4.9,6.3,6,1
8.31211499,9.4,5.5,3.3,3.3,5.2,1
15.21149897,4.6,6.9,7.2,3.3,6.7,1
93.9301848,4.6,7.6,7.2,2.5,4.4,0
27.56468172,3,6.9,7.2,4.8,5.2,0
49.14989733,7.8,6.9,4.1,3.3,7.5,1
86.6036961,3.8,8.4,8,4,4.4,1
86.6036961,4.6,9.1,4.9,3.3,2.9,1
53.35523614,7,5.5,4.9,6.3,8.3,1
139.0718686,7.8,4.8,4.1,3.3,7.5,1
28.35318275,7,6.2,1,9.4,7.5,1
23.12936345,6.2,4.8,7.2,4,6.7,0
15.14579055,6.2,2.6,7.2,5.6,6.7,1
160.0657084,1,6.9,9.5,4.8,7.5,1
19.71252567,7,4.8,4.1,5.6,6.7,1
16.82135524,3,4.1,7.2,7.1,8.3,0
15.86858316,1.4,4.1,9.5,7.1,5.2,0
70.30800821,5.4,4.1,8.7,4,2.1,1
2.792607803,7.8,4.8,1.8,8.7,8.3,1
13.01026694,3.8,2.6,8,9.4,6,1
88.90349076,4.6,2.6,7.2,7.1,6.7,0
123.0718686,3,8.4,3.3,7.9,8.3,1
59.99178645,4.6,4.8,8,4.8,6.7,0
59.99178645,6.2,6.9,7.2,4.8,5.2,0
26.67761807,3,8.4,7.2,6.3,7.5,1
18.00410678,3,6.9,4.9,5.6,6,0
16.59137577,8.6,6.2,2.6,5.6,9.8,1
2.759753593,3.8,8.4,2.6,4.8,7.5,1
23.68788501,3,4.8,7.2,7.9,5.2,1
23.68788501,3,5.5,5.7,7.1,5.2,1
16.42710472,6.2,5.5,3.3,6.3,8.3,1
45.96303901,5.4,5.5,7.2,4.8,4.4,1
12.02464066,5.4,4.1,4.9,6.3,6,1
73.65913758,4.6,4.8,5.7,8.7,6,1
2.759753593,7,3.4,8,7.9,6,0
26.94045175,5.4,4.8,4.9,4.8,5.2,1
2.431211499,6.2,3.4,4.9,7.9,7.5,1
68.27104723,7,4.1,2.6,7.9,7.5,1
68.27104723,7.8,6.2,2.6,5.6,6.7,1
1.642710472,4.6,7.6,5.7,2.5,6,1
76.15605749,7,6.2,1.8,6.3,7.5,0
12.35318275,6.2,3.4,6.4,6.3,7.5,1
58.21765914,8.6,5.5,3.3,4.8,6.7,0
32.49281314,6.2,6.2,5.7,4.8,7.5,1
6.275154004,7.8,6.2,4.9,4,8.3,1
5.026694045,4.6,6.2,5.7,4,6,1
5.026694045,4.6,5.5,6.4,5.6,5.2,1
22.66940452,5.4,5.5,4.9,5.6,6.7,0
27.36755647,9.4,6.2,2.6,4,6,0
27.36755647,6.2,7.6,4.1,3.3,6.7,0
150.1437372,5.4,3.4,5.7,7.1,5.2,1
53.2238193,8.6,5.5,2.6,4.8,7.5,0
5.9137577,3.8,6.2,8,4,6.7,0
53.97946612,7.8,6.9,2.6,6.3,7.5,1
73.82340862,10,5.5,2.6,6.3,6.7,0
27.49897331,3.8,1.9,9.5,7.1,2.1,1
44.48459959,4.6,2.6,6.4,9.4,6,0
54.01232033,10,3.4,3.3,6.3,10,1
8.574948665,4.6,4.1,4.1,8.7,8.3,1
64.29568789,2.2,5.5,8.7,7.1,6.7,1
27.23613963,7,6.9,5.7,3.3,6.7,0
23.9835729,4.6,6.9,7.2,3.3,2.1,1
23.9835729,4.6,6.9,7.2,2.5,2.9,1
23.9835729,4.6,6.9,7.2,3.3,2.1,1
23.9835729,4.6,6.9,7.2,2.5,2.9,1
37.78234086,4.6,2.6,5.7,7.9,7.5,1
17.80698152,3.8,9.1,8.7,4.8,5.2,0
95.44147844,6.2,3.4,6.4,6.3,7.5,0
27.59753593,4.6,6.2,5.7,6.3,4.4,0
27.59753593,3.8,4.1,8.7,7.9,5.2,0
72.41067762,6.2,2.6,6.4,5.6,6,0
2.98973306,3,8.4,7.2,7.1,6,1
11.53182752,5.4,6.2,6.4,4,3.7,0
11.53182752,3.8,3.4,8,6.3,6,0
23.52361396,4.6,4.1,4.9,5.6,3.7,1
23.52361396,6.2,4.8,5.7,4,2.9,1
40.04928131,5.4,6.2,4.1,5.6,8.3,0
54.04517454,5.4,4.1,4.9,8.7,7.5,1
20.92813142,3,6.9,5.7,7.9,5.2,1
20.92813142,4.6,6.9,7.2,4.8,5.2,1
11.99178645,6.2,6.9,3.3,4.8,6.7,1
44.97741273,3,4.8,4.9,6.3,7.5,1
14.22587269,7,6.9,6.4,2.5,5.2,1
58.94045175,3,6.2,8,5.6,3.7,0
61.73305955,4.6,6.9,7.2,3.3,2.1,1
61.73305955,4.6,6.9,7.2,2.5,2.9,1
140.9445585,3.8,1.9,8.7,6.3,4.4,0
140.9445585,5.4,2.6,8,7.1,5.2,0
6.176591376,6.2,6.2,8,2.5,3.7,1
6.176591376,4.6,6.2,8,4,3.7,1
94.9486653,3.8,7.6,7.2,7.9,4.4,1
70.17659138,4.6,5.5,7.2,3.3,2.9,0
70.17659138,4.6,5.5,7.2,4.8,3.7,0
57.23203285,3.8,5.5,6.4,5.6,6,1
45.73305955,7.8,6.2,6.4,7.9,6,0
45.73305955,3.8,3.4,5.7,8.7,7.5,0
29.01026694,9.4,3.4,4.9,3.3,6,1
11.99178645,6.2,6.9,3.3,4.8,6.7,1
27.36755647,6.2,5.5,4.9,5.6,6.7,0
105.9219713,5.4,3.4,7.2,6.3,3.7,0
3.449691992,6.2,5.5,4.9,4.8,7.5,1
4.533880903,1.4,9.8,6.4,3.3,6,1
35.77823409,7,4.1,5.7,5.6,8.3,1
40.31211499,6.2,3.4,4.1,7.9,7.5,0
40.31211499,6.2,3.4,4.1,7.9,7.5,0
2.201232033,6.2,2.6,7.2,6.3,7.5,1
40.3449692,6.2,3.4,4.1,7.9,7.5,0
40.37782341,6.2,3.4,4.1,7.9,7.5,0
11.23613963,3.8,4.8,6.4,8.7,6,1
85.09240246,7.8,4.8,6.4,4.8,6,0
9.823408624,4.6,5.5,5.7,8.7,6,1
64.19712526,4.6,6.2,7.2,5.6,6,0
14.45585216,6.2,4.8,6.4,2.5,4.4,0
21.15811088,6.2,4.8,8,4,2.9,1
28.78028747,7,2.6,7.2,4.8,4.4,0
155.1704312,5.4,3.4,5.7,7.1,5.2,1
13.86447639,7,2.6,7.2,6.3,6,1
13.01026694,9.4,6.2,3.3,2.5,6.7,1
2.759753593,6.2,5.5,3.3,6.3,8.3,0
2.825462012,7,5.5,3.3,7.1,6.7,0
4.008213552,2.2,8.4,4.9,7.1,6.7,1
10.34907598,7,7.6,2.6,5.6,8.3,1
34.03696099,7.8,4.8,3.3,5.6,6.7,1
34.03696099,10,4.1,1.8,6.3,8.3,1
11.95893224,6.2,4.1,6.4,5.6,6.7,1
164.5667351,3.8,4.8,4.9,6.3,5.2,0
32.95277207,2.2,4.1,6.4,9.4,6,1
5.32238193,5.4,3.4,8,6.3,2.1,1
40.3449692,5.4,6.2,3.3,4,6,1
34.23408624,8.6,6.9,4.9,1.7,4.4,0
96,4.6,2.6,6.4,10,4.4,1
7.030800821,5.4,6.2,4.9,4,2.9,1
26.94045175,3,5.5,7.2,5.6,2.1,1
115.5482546,7,6.2,5.7,2.5,5.2,0
28.58316222,7,9.1,1.8,4.8,6,1
26.31622177,5.4,4.1,2.6,7.9,6,1
29.27310062,5.4,4.8,5.7,4,3.7,0
57.82340862,7,5.5,4.1,6.3,8.3,1
133.9137577,6.2,3.4,5.7,7.1,6.7,1
133.9137577,4.6,6.9,5.7,7.1,5.2,1
39.72073922,6.2,6.2,4.1,2.5,5.2,0
38.01232033,7.8,1.9,3.3,4,6.7,0
27.40041068,4.6,5.5,6.4,4,5.2,0
25.42915811,6.2,4.8,3.3,7.1,9,1
32.52566735,6.2,6.2,6.4,3.3,6.7,1
23.2936345,9.4,6.2,4.1,4.8,7.5,0
23.2936345,7,6.2,5.7,4.8,5.2,0
49.28131417,7.8,6.2,6.4,7.9,6,0
49.28131417,3.8,3.4,5.7,8.7,7.5,0
18.1026694,3,6.9,4.1,7.9,5.2,1
8.180698152,7,5.5,4.9,4.8,2.9,1
42.48049281,3,6.9,6.4,5.6,6,1
42.48049281,7,6.2,5.7,4.8,4.4,1
129.8069815,3,4.8,5.7,4.8,3.7,1
8.016427105,3.8,4.1,5.7,5.6,4.4,1
9.100616016,5.4,6.2,7.2,4.8,6.7,1
26.15195072,5.4,4.1,8.7,6.3,4.4,1
66.49691992,7,4.1,4.9,5.6,6.7,1
10.02053388,7.8,2.6,4.1,7.9,6.7,0
6.53798768,7,6.2,4.1,4.8,8.3,1
0.492813142,4.6,5.5,1.8,7.1,6.7,0
0.492813142,4.6,1,5.7,8.7,2.9,0
0.492813142,5.4,4.8,8,9.4,2.9,0
2.858316222,5.4,5.5,4.9,4.8,4.4,1
2.858316222,6.2,6.2,4.9,3.3,2.9,1
48.45995893,7,5.5,2.6,5.6,9,0
15.14579055,3.8,7.6,4.9,7.1,9,0
133.8809035,6.2,3.4,5.7,7.1,6.7,1
133.8809035,4.6,6.9,5.7,7.1,5.2,1
32.88706366,9.4,6.2,2.6,4,6,0
32.88706366,6.2,7.6,4.1,3.3,6.7,0
63.14579055,3,4.8,4.1,7.1,7.5,1
8.969199179,5.4,6.2,7.2,4.8,6.7,1
36.59958932,4.6,6.2,8,7.1,5.2,0
36.59958932,5.4,7.6,5.7,7.1,6,0
11.76180698,4.6,4.1,4.9,5.6,3.7,0
11.76180698,6.2,4.8,5.7,4,2.9,0
28.81314168,7,4.1,8,4.8,4.4,0
18.56262834,3.8,7.6,8,4.8,2.9,0
1.80698152,5.4,7.6,4.1,4.8,7.5,0
1.80698152,5.4,7.6,4.1,5.6,9,0
17.08418891,1.4,6.9,8,4,5.2,0
1.938398357,5.4,7.6,4.1,4.8,7.5,0
1.938398357,5.4,7.6,4.1,5.6,9,0
50.69404517,3.8,3.4,7.2,10,5.2,0
41.65913758,6.2,6.9,8.7,3.3,2.9,0
103.5893224,2.2,4.8,8.7,7.9,5.2,0
103.5893224,3.8,3.4,8.7,7.1,3.7,0
2.135523614,5.4,7.6,4.1,4.8,7.5,0
2.135523614,5.4,7.6,4.1,5.6,9,0
2.168377823,5.4,7.6,4.1,4.8,7.5,0
2.168377823,5.4,7.6,4.1,5.6,9,0
13.14168378,2.2,6.9,3.3,6.3,3.7,1
2.431211499,7,3.4,3.3,6.3,7.5,0
49.34702259,5.4,8.4,6.4,5.6,5.2,1
79.11293634,2.2,5.5,7.2,4.8,3.7,0
35.84394251,3,2.6,6.4,7.1,7.5,0
35.84394251,3,5.5,4.1,7.1,8.3,0
12.81314168,7.8,3.4,7.2,4,5.2,1
2.234086242,5.4,7.6,4.1,4.8,7.5,0
2.234086242,5.4,7.6,4.1,5.6,9,0
17.11704312,5.4,6.2,6.4,4,3.7,0
17.11704312,3.8,3.4,8,6.3,6,0
23.95071869,4.6,6.9,4.9,5.6,6,1
11.86036961,7.8,4.8,5.7,4.8,5.2,0
5.848049281,5.4,9.1,4.1,2.5,6,0
24.0164271,3.8,4.8,9.5,4.8,2.1,1
43.99178645,7.8,6.9,4.1,6.3,7.5,1
20.69815195,2.2,8.4,6.4,4.8,6.7,1
29.8973306,4.6,6.9,8,4,4.4,0
31.14579055,7.8,4.1,2.6,5.6,8.3,0
1.347022587,7,4.8,6.4,4.8,7.5,0
23.9835729,4.6,5.5,5.7,4.8,7.5,1
32.45995893,8.6,5.5,3.3,5.6,9.8,0
64.29568789,3,2.6,10,9.4,4.4,1
21.35523614,7.8,4.1,4.1,7.9,7.5,1
11.69609856,7,4.1,6.4,5.6,8.3,1
54.07802875,5.4,4.1,4.9,8.7,7.5,1
42.0862423,1.4,7.6,7.2,4,2.9,0
27.40041068,6.2,5.5,2.6,5.6,8.3,0
1.117043121,4.6,8.4,5.7,4,4.4,1
1.117043121,4.6,8.4,5.7,4,4.4,1
42.38193018,6.2,4.8,5.7,8.7,7.5,1
5.782340862,6.2,6.2,1.8,5.6,9,1
43.30184805,7,6.2,1,9.4,7.5,0
53.09240246,6.2,6.9,4.9,2.5,2.9,0
17.60985626,7.8,5.5,2.6,6.3,8.3,1
17.60985626,8.6,5.5,3.3,6.3,7.5,1
17.60985626,7,6.9,4.1,5.6,7.5,1
26.0862423,8.6,6.9,2.6,4,7.5,1
16.65708419,8.6,5.5,4.1,4,3.7,0
70.83367556,6.2,9.1,4.1,3.3,6.7,1
70.83367556,7,7.6,3.3,3.3,6.7,1
99.77823409,5.4,4.8,6.4,6.3,4.4,0
42.94045175,4.6,6.2,6.4,4,4.4,1
19.58110883,3.8,4.8,7.2,5.6,4.4,1
96,7,1.9,6.4,6.3,4.4,1
44.22176591,6.2,6.9,8.7,3.3,2.9,0
104.0164271,5.4,4.8,6.4,7.1,4.4,0
67.84394251,5.4,5.5,5.7,8.7,5.2,1
0.919917864,6.2,5.5,6.4,4,3.7,1
48.45995893,7,2.6,7.2,4.8,5.2,1
15.73716632,7,6.9,2.6,4,5.2,1
16.06570842,4.6,5.5,1.8,7.1,6.7,0
16.06570842,4.6,1,5.7,8.7,2.9,0
16.06570842,5.4,4.8,8,9.4,2.9,0
37.38809035,7.8,7.6,4.1,4,5.2,0
44.02464066,4.6,3.4,6.4,7.1,6,1
12.78028747,6.2,6.2,4.9,5.6,6,1
106.8418891,7,3.4,4.1,6.3,8.3,1
50.20123203,8.6,4.8,4.1,2.5,4.4,0
6.143737166,5.4,5.5,6.4,6.3,6.7,1
45.8973306,5.4,8.4,2.6,5.6,7.5,1
80.65708419,2.2,7.6,8,4,2.1,1
49.31416838,5.4,8.4,6.4,5.6,5.2,1
20.04106776,5.4,4.8,4.9,7.1,6.7,1
20.04106776,4.6,1.9,8,6.3,6,1
4.435318275,4.6,4.1,7.2,10,5.2,1
24.21355236,5.4,5.5,8,2.5,4.4,0
3.58110883,3,7.6,4.9,5.6,5.2,1
83.58110883,7,6.2,4.1,6.3,9,0
18.49691992,3.8,5.5,4.9,5.6,5.2,1
73.13347023,3.8,6.2,5.7,7.9,9,0
76.68172485,6.2,6.2,6.4,5.6,3.7,0
82.82546201,6.2,9.1,4.1,3.3,6.7,1
82.82546201,7,7.6,3.3,3.3,6.7,1
28.84599589,6.2,6.9,6.4,3.3,6.7,1
5.289527721,9.4,4.8,3.3,7.1,9,0
149.6180698,5.4,6.9,2.6,5.6,8.3,0
109.2402464,5.4,5.5,7.2,4,2.9,0
35.74537988,5.4,7.6,4.9,4,6,1
50.98973306,7.8,5.5,3.3,7.9,8.3,1
109.1088296,4.6,3.4,9.5,4.8,2.1,0
10.51334702,7.8,2.6,4.1,8.7,6.7,0
129.2813142,5.4,8.4,4.1,4.8,6.7,0
34.59548255,8.6,5.5,4.1,5.6,6.7,0
34.59548255,8.6,3.4,4.1,7.1,6,0
34.59548255,7.8,4.1,4.1,7.1,6.7,0
51.1211499,5.4,5.5,6.4,2.5,4.4,0
15.11293634,6.2,6.2,3.3,6.3,8.3,0
15.11293634,4.6,4.8,4.1,7.9,9,0
9.790554415,3,6.9,6.4,4.8,6,1
9.790554415,2.2,6.9,8,6.3,3.7,1
9.790554415,3,6.9,7.2,4.8,5.2,1
3.121149897,1.4,4.8,8.7,5.6,2.1,1
3.121149897,3,8.4,8,3.3,2.1,1
38.17659138,2.2,7.6,6.4,4.8,7.5,0
30.02874743,6.2,4.8,4.9,4.8,6.7,1
5.092402464,4.6,5.5,1.8,7.1,6.7,0
5.092402464,4.6,1,5.7,8.7,2.9,0
5.092402464,5.4,4.8,8,9.4,2.9,0
34.0698152,9.4,3.4,4.9,3.3,6,1
40.60780287,4.6,6.2,8,7.1,5.2,0
40.60780287,5.4,7.6,5.7,7.1,6,0
10.51334702,6.2,5.5,3.3,6.3,8.3,0
33.93839836,5.4,3.4,3.3,8.7,8.3,1
33.93839836,6.2,6.2,7.2,3.3,3.7,1
10.7761807,7.8,5.5,1.8,5.6,8.3,1
59.86036961,6.2,6.9,4.1,5.6,6,1
24.83778234,5.4,4.8,4.1,4.8,6,1
33.87268994,6.2,9.1,4.9,3.3,2.9,0
53.58521561,3.8,8.4,8,4,4.4,0
53.58521561,4.6,9.1,4.9,3.3,2.9,0
1.971252567,6.2,4.1,2.6,8.7,8.3,0
0.788501027,3,6.2,8,7.1,4.4,0
57.62628337,5.4,6.2,9.5,5.6,5.2,0
23.45790554,7.8,5.5,5.7,4,5.2,0
23.45790554,6.2,6.2,5.7,6.3,2.9,0
23.45790554,7,6.2,5.7,4,3.7,0
46.9486653,4.6,9.1,6.4,5.6,6,0
15.40862423,3.8,6.2,5.7,5.6,6.7,1
39.2936345,3.8,5.5,5.7,7.9,3.7,0
47.6386037,1.4,6.9,9.5,6.3,1.3,0
3.811088296,3.8,6.2,6.4,4,6,1
66.7926078,4.6,7.6,4.1,4,6,0
13.8973306,4.6,8.4,6.4,2.5,2.1,1
108.550308,3.8,6.2,8,5.6,6,1
86.66940452,4.6,7.6,9.5,2.5,1.3,0
86.66940452,5.4,5.5,7.2,5.6,2.9,0
18.33264887,3.8,7.6,6.4,4.8,5.2,1
133.4209446,5.4,6.9,2.6,7.9,6.7,1
8.180698152,6.2,3.4,7.2,2.5,3.7,1
8.180698152,6.2,5.5,7.2,7.1,4.4,1
13.33880903,9.4,5.5,1.8,4.8,6.7,1
55.78644764,4.6,6.9,7.2,2.5,6.7,1
12.97741273,3.8,4.8,6.4,7.9,6.7,1
32.32854209,3.8,4.8,6.4,7.9,6.7,0
163.8110883,4.6,5.5,6.4,7.9,6,1
31.96714579,4.6,3.4,10,6.3,1,1
4.862422998,5.4,4.1,5.7,7.1,3.7,0
13.73305955,6.2,3.4,4.9,7.9,7.5,0
51.94250513,6.2,4.8,4.9,5.6,5.2,0
22.57084189,7.8,3.4,4.9,5.6,5.2,1
19.44969199,7,2.6,4.1,8.7,5.2,0
73.98767967,7,6.2,3.3,6.3,7.5,0
8.739219713,9.4,7.6,1,4,5.2,0
48.45995893,7,2.6,7.2,4.8,5.2,1
14.85010267,3.8,3.4,8,6.3,6,1
63.54004107,3.8,5.5,3.3,9.4,9,1
49.31416838,5.4,8.4,6.4,5.6,5.2,1
13.27310062,6.2,4.8,4.1,5.6,6.7,1
17.83983573,6.2,7.6,4.1,2.5,4.4,1
114.1355236,3.8,3.4,9.5,7.1,2.9,1
8.147843943,3.8,8.4,2.6,4.8,7.5,0
8.082135524,7.8,6.9,2.6,4.8,8.3,1
26.94045175,3.8,6.2,4.9,6.3,10,1
1.478439425,6.2,3.4,6.4,8.7,6,1
94.81724846,6.2,4.1,4.1,6.3,7.5,0
12.78028747,8.6,4.8,4.1,6.3,5.2,1
19.87679671,6.2,6.2,4.9,4.8,7.5,1
34.82546201,10,2.6,4.1,5.6,9,0
96.72279261,6.2,7.6,4.9,4.8,8.3,1
12.12320329,3.8,6.9,5.7,5.6,3.7,1
10.64476386,7,4.1,2.6,8.7,9,1
4.402464066,7,6.2,4.1,6.3,9,0
2.36550308,7,6.9,2.6,4,5.2,0
17.51129363,4.6,4.1,4.9,5.6,3.7,0
17.51129363,6.2,4.8,5.7,4,2.9,0
18.16837782,5.4,4.8,4.9,7.1,6.7,0
18.16837782,4.6,1.9,8,6.3,6,0
10.38193018,6.2,1,7.2,4.8,6,0
7.852156057,4.6,7.6,8,5.6,2.1,0
84.04106776,2.2,5.5,7.2,4.8,3.7,0
8.213552361,6.2,6.2,6.4,3.3,4.4,0
9.593429158,7.8,7.6,3.3,2.5,7.5,1
43.92607803,6.2,4.8,2.6,5.6,9.8,1
82.75975359,3.8,6.9,5.7,6.3,6.7,0
27.92607803,7,4.1,5.7,5.6,8.3,0
3.811088296,7,4.8,7.2,4.8,4.4,1
48.09856263,7,4.1,5.7,6.3,7.5,1
8.640657084,7,2.6,6.4,7.9,5.2,1
30.68583162,5.4,6.9,5.7,5.6,6.7,0
26.34907598,3.8,8.4,5.7,6.3,6,0
18.13552361,7,5.5,4.1,4.8,6,0
7.227926078,7.8,6.2,3.3,7.1,6.7,0
23.2936345,6.2,6.2,7.2,3.3,2.9,1
100.238193,5.4,5.5,5.7,4.8,9.8,0
36.00821355,4.6,4.8,4.9,8.7,5.2,0
19.18685832,7,4.8,5.7,4.8,5.2,1
43.95893224,7.8,7.6,2.6,5.6,7.5,0
90.15195072,9.4,6.9,2.6,3.3,7.5,0
22.24229979,7.8,4.1,2.6,4.8,4.4,1
33.57700205,6.2,6.2,4.9,3.3,4.4,0
5.94661191,7,4.8,4.1,7.1,9,0
19.74537988,5.4,6.9,4.1,4.8,6,0
26.02053388,2.2,7.6,5.7,7.9,6,1
25.36344969,6.2,6.9,5.7,4.8,8.3,0
41.69199179,8.6,4.8,1.8,7.1,8.3,1
23.55646817,5.4,6.9,7.2,7.9,6.7,1
80.49281314,6.2,6.2,5.7,3.3,6.7,1
22.01232033,3,8.4,5.7,5.6,6.7,0
42.38193018,9.4,6.9,3.3,3.3,6,1
33.41273101,4.6,2.6,6.4,8.7,6,0
64.52566735,7.8,4.1,6.4,4,3.7,0
3.482546201,6.2,6.9,5.7,6.3,5.2,1
88.83778234,4.6,6.9,4.9,4,6,1
110.4887064,10,1.9,2.6,7.1,9.8,0
14.06160164,4.6,6.2,4.9,5.6,6.7,0
11.99178645,6.2,4.1,5.7,5.6,3.7,1
101.5195072,4.6,7.6,4.1,4.8,6,0
179.449692,7,4.8,2.6,5.6,8.3,0
12.38603696,5.4,6.9,5.7,5.6,4.4,0
24.90349076,3.8,7.6,8,4.8,2.9,0
61.99589322,5.4,4.8,8.7,5.6,4.4,0
24.47638604,8.6,5.5,4.9,3.3,3.7,0
63.70431211,6.2,6.9,3.3,7.1,6.7,0
5.388090349,1.4,4.1,7.2,6.3,7.5,1
64.75564682,7,6.2,7.2,2.5,5.2,0
64.75564682,8.6,6.9,5.7,3.3,4.4,0
2.694045175,7,5.5,8,5.6,8.3,0
2.39835729,6.2,2.6,5.7,5.6,6.7,0
26.87474333,8.6,4.1,4.9,5.6,5.2,1
144.7556468,5.4,9.1,3.3,4.8,6,0
45.30595483,7,1.9,9.5,5.6,6,1
45.30595483,6.2,2.6,8.7,6.3,6,1
45.30595483,5.4,2.6,10,3.3,3.7,1
45.30595483,4.6,5.5,10,2.5,5.2,1
6.078028747,5.4,5.5,7.2,5.6,2.9,0
22.63655031,7.8,1.9,4.1,7.1,9,1
96.59137577,4.6,8.4,4.9,7.9,6,0
10.90759754,7.8,5.5,4.9,6.3,9,1
16.95277207,7,1.9,9.5,5.6,6,0
16.95277207,6.2,2.6,8.7,6.3,6,0
16.95277207,5.4,2.6,10,3.3,3.7,0
16.95277207,4.6,5.5,10,2.5,5.2,0
61.2073922,6.2,6.2,3.3,6.3,6.7,0
9.264887064,7,5.5,3.3,4.8,6.7,1
81.64271047,4.6,5.5,7.2,3.3,2.9,0
81.64271047,4.6,5.5,7.2,4.8,3.7,0
55.95071869,3.8,8.4,8,4,4.4,0
55.95071869,4.6,9.1,4.9,3.3,2.9,0
49.7412731,1.4,6.9,9.5,6.3,1.3,0
57.10061602,4.6,6.9,4.9,5.6,6.7,0
163.7782341,4.6,6.2,8,7.1,5.2,0
163.7782341,5.4,7.6,5.7,7.1,6,0
54.01232033,7.8,4.8,2.6,5.6,9.8,1
23.75359343,3.8,6.9,7.2,5.6,5.2,0
1.412731006,4.6,4.1,6.4,4.8,4.4,1
59.89322382,6.2,6.9,4.1,5.6,6,1
27.4661191,5.4,5.5,3.3,7.9,8.3,0
89.19917864,7.8,5.5,2.6,7.1,7.5,1
47.21149897,7,4.8,6.4,4,6.7,0
21.48665298,5.4,7.6,6.4,4,4.4,0
8.344969199,5.4,6.9,7.2,7.9,6.7,0
48.19712526,3,7.6,9.5,3.3,4.4,0
48.19712526,3,7.6,8,4,1.3,0
42.18480493,3,2.6,6.4,7.1,7.5,0
42.18480493,3,5.5,4.1,7.1,8.3,0
39.22792608,6.2,6.9,4.1,6.3,8.3,1
39.22792608,3.8,9.1,4.9,5.6,7.5,1
39.22792608,6.2,6.9,4.1,6.3,8.3,1
39.22792608,3.8,9.1,4.9,5.6,7.5,1
43.69609856,5.4,6.9,5.7,5.6,6.7,0
14.22587269,6.2,6.2,5.7,3.3,6.7,0
33.90554415,6.2,4.1,8,4,4.4,0
70.34086242,1.4,7.6,8,5.6,1,0
39.88501027,8.6,2.6,6.4,6.3,6.7,0
144.5913758,8.6,2.6,4.9,7.1,7.5,1
15.17864476,3.8,6.9,8,6.3,5.2,0
57.65913758,7.8,6.2,6.4,7.9,6,0
57.65913758,3.8,3.4,5.7,8.7,7.5,0
47.96714579,7,6.2,1,9.4,7.5,1
42.25051335,6.2,6.2,4.1,2.5,5.2,1
12.68172485,6.2,5.5,5.7,5.6,6.7,1
15.93429158,7.8,7.6,4.1,1.7,5.2,0
29.47022587,6.2,5.5,4.9,5.6,9.8,1
1.18275154,4.6,6.2,8,4.8,5.2,0
56.73921971,6.2,4.1,7.2,4.8,1,0
116.7310062,7.8,9.1,2.6,4,9,1
39.68788501,6.2,6.9,2.6,5.6,7.5,0
49.87268994,10,5.5,4.1,4,7.5,1
12.22176591,3.8,3.4,2.6,10,9,1
19.28542094,7,6.9,4.1,4,6.7,1
43.86036961,8.6,6.2,4.9,4.8,9,0
131.613963,3,6.9,4.9,6.3,6,0
13.9301848,7,4.8,6.4,4.8,4.4,0
18.92402464,6.2,4.1,5.7,7.1,8.3,0
81.83983573,3.8,3.4,7.2,8.7,7.5,1
16.75564682,8.6,4.8,2.6,7.9,6.7,0
20.69815195,7.8,4.8,1.8,6.3,6,0
51.31827515,7,4.8,5.7,2.5,4.4,0
6.242299795,7,6.2,4.1,4.8,6.7,0
7.030800821,7,4.1,2.6,7.9,7.5,1
7.030800821,7.8,6.2,2.6,5.6,6.7,1
2.266940452,2.2,6.9,8.7,6.3,5.2,1
26.54620123,8.6,7.6,1,5.6,10,1
79.01437372,1.4,4.1,10,4.8,1.3,1
0.525667351,5.4,2.6,4.1,6.3,6.7,0
140.2217659,3.8,6.2,4.1,7.9,5.2,0
26.57905544,3.8,9.1,6.4,4.8,6.7,1
25.52772074,7,4.8,4.9,5.6,6.7,1
5.125256674,4.6,6.2,4.9,6.3,8.3,0
40.11498973,1.4,6.9,9.5,6.3,1.3,0
32.32854209,3,3.4,8.7,5.6,3.7,0
1.708418891,6.2,4.8,7.2,4.8,3.7,0
50.29979466,4.6,6.9,7.2,7.1,1.3,0
70.50513347,7.8,5.5,7.2,5.6,3.7,1
14.58726899,3.8,4.8,6.4,7.9,6.7,1
37.15811088,7,3.4,5.7,8.7,5.2,1
27.33470226,7.8,5.5,2.6,4,7.5,0
32.85420945,5.4,4.8,6.4,4.8,6,1
5.453798768,7,5.5,8,5.6,8.3,0
79.54004107,4.6,5.5,8.7,4.8,4.4,0
12.64887064,4.6,6.9,4.9,5.6,6,0
20.30390144,6.2,6.2,3.3,6.3,8.3,0
20.30390144,4.6,4.8,4.1,7.9,9,0
10.48049281,7,4.1,3.3,4.8,6.7,1
11.03901437,4.6,4.8,8,5.6,8.3,1
128.1314168,7.8,6.9,4.1,3.3,7.5,0
5.585215606,6.2,6.9,4.1,4,8.3,0
61.07597536,1,5.5,10,7.1,2.9,0
110.0287474,6.2,3.4,6.4,6.3,7.5,0
52.27104723,3.8,6.2,4.1,9.4,6.7,0
5.650924025,1.4,7.6,8.7,4.8,5.2,0
22.66940452,1.4,7.6,9.5,6.3,5.2,1
6.275154004,2.2,7.6,5.7,5.6,2.9,0
10.61190965,4.6,7.6,5.7,6.3,7.5,0
23.81930185,7,4.8,2.6,7.1,6.7,1
50.89117043,3.8,3.4,5.7,7.9,6.7,1
38.53798768,3.8,6.2,8.7,6.3,4.4,0
16.62422998,5.4,4.8,6.4,5.6,3.7,0
28.02464066,6.2,1.2,7.2,6.3,9,0
31.50718686,3.8,2.6,6.4,7.9,8.3,0
5.158110883,3.8,4.1,7.2,8.7,6.7,0
4.928131417,5.4,4.8,5.7,7.1,6.7,0
12.68172485,6.2,5.5,5.7,5.6,6.7,1
40.87063655,6.2,7.6,4.1,6.3,6.7,1
36.59958932,5.4,1.9,6.4,9.4,6,0
103.7207392,4.6,3.4,8,5.6,5.2,0
9.199178645,7,7.6,6.4,6.3,6,1
16.78850103,3.8,7.6,8,6.3,4.4,0
34.29979466,7.8,4.8,7.2,6.3,7.5,0
16.85420945,4.6,4.8,5.7,6.3,4.4,0
16.62422998,3,4.8,6.4,5.6,3.7,0
42.61190965,4.6,6.2,8,4.8,6,0
16.65708419,2.2,7.6,6.4,9.4,6,0
16.65708419,2.2,5.5,7.2,7.1,6.7,0
82.7926078,6.2,2.6,8.7,4.8,5.2,0
1.839835729,4.6,4.1,6.4,5.6,6,0
73.42915811,4.6,4.8,7.2,6.3,2.9,0
0.394250513,3.8,7.6,2.6,7.9,4.4,1
123.6960986,3.8,9.1,4.9,4.8,6,0
12.97741273,7.8,6.9,4.1,4,4.4,1
7.819301848,5.4,3.4,3.3,8.7,8.3,0
7.819301848,6.2,6.2,7.2,3.3,3.7,0
155.3675565,5.4,6.9,2.6,5.6,8.3,0
15.70431211,5.4,4.1,6.4,6.3,2.1,0
19.31827515,4.6,4.8,7.2,6.3,5.2,0
20.99383984,10,4.1,1,7.1,7.5,0
2.792607803,7,4.8,3.3,5.6,7.5,0
37.12525667,3,3.4,7.2,5.6,5.2,1
18.16837782,5.4,6.9,7.2,2.5,4.4,1
11.66324435,7,4.1,6.4,5.6,8.3,0
5.092402464,5.4,7.6,4.9,4.8,6.7,0
22.70225873,5.4,5.5,4.9,7.9,6.7,0
3.778234086,3,4.1,6.4,5.6,5.2,0
3.449691992,6.2,7.6,3.3,6.3,7.5,0
11.03901437,7,6.2,3.3,5.6,9,1
9.034907598,5.4,3.4,3.3,8.7,8.3,0
9.034907598,6.2,6.2,7.2,3.3,3.7,0
24.83778234,5.4,4.1,3.3,7.9,7.5,0
5.519507187,4.6,6.9,5.7,4.8,9,0
32.26283368,5.4,4.1,4.1,7.1,7.5,1
52.66529774,7.8,5.5,8.7,4.8,6,1
4.041067762,3,3.4,7.2,5.6,5.2,0
30.78439425,7.8,2.6,4.1,6.3,4.4,0
4.960985626,7.8,5.5,2.6,6.3,8.3,0
4.960985626,8.6,5.5,3.3,6.3,7.5,0
4.960985626,7,6.9,4.1,5.6,7.5,0
39.26078029,6.2,6.9,4.1,6.3,8.3,1
39.26078029,3.8,9.1,4.9,5.6,7.5,1
38.70225873,5.4,4.1,6.4,5.6,6.7,0
2.036960986,6.2,4.8,5.7,8.7,7.5,1
105.1663244,4.6,3.4,8,5.6,5.2,0
7.162217659,4.6,7.6,4.9,5.6,5.2,0
13.10882957,3.8,6.9,8.7,4,6.7,1
8.410677618,3.8,4.1,4.1,8.7,6,0
3.876796715,7,4.8,4.1,5.6,8.3,0
12.25462012,2.2,8.4,7.2,3.3,5.2,0
37.9137577,3,6.2,8.7,5.6,7.5,0
32.88706366,3,5.5,10,6.3,4.4,0
3.58110883,7,4.1,8.7,3.3,1,0
43.8275154,5.4,6.2,5.7,5.6,6.7,1
22.37371663,5.4,5.5,7.2,4.8,5.2,1
4.073921971,5.4,7.6,2.6,4.8,9,1
12.32032854,2.2,5.5,8.7,5.6,6,0
17.18275154,6.2,4.8,7.2,4,6.7,1
49.80698152,5.4,4.1,8,7.1,8.3,0
49.80698152,3,5.5,7.2,7.9,6,0
85.48665298,7,5.5,6.4,4.8,2.9,0
30.35728953,3.8,3.4,7.2,7.9,2.9,0
78.32443532,6.2,3.4,5.7,4.8,8.3,0
24.24640657,5.4,9.8,3.3,5.6,6.7,0
24.08213552,5.4,4.8,4.1,4.8,6,1
0.689938398,4.6,7.6,7.2,2.5,3.7,0
9.429158111,7,4.8,4.1,4,4.4,0
15.01437372,9.4,4.1,3.3,5.6,7.5,0
59.40041068,8.6,4.1,4.9,7.9,5.2,0
91.99178645,5.4,9.1,3.3,2.5,8.3,1
11.8275154,3.8,4.8,7.2,5.6,6.7,0
19.1211499,7.8,3.4,3.3,7.1,6.7,0
20.89527721,3,4.8,6.4,7.1,7.5,0
81.24845996,3,5.5,7.2,4.8,6.7,0
23.03080082,5.4,4.8,4.9,7.1,6.7,0
23.03080082,4.6,1.9,8,6.3,6,0
53.48665298,3.8,3.4,8,7.9,6,1
55.22792608,8.6,4.8,1,6.3,8.3,0
89.00205339,3.8,3.4,8.7,7.9,4.4,1
4.993839836,7.8,5.5,3.3,5.6,8.3,0
9.790554415,3,6.9,6.4,4.8,6,1
9.790554415,2.2,6.9,8,6.3,3.7,1
9.790554415,3,6.9,7.2,4.8,5.2,1
11.26899384,5.4,4.8,5.7,6.3,6.7,0
58.80903491,4.6,2.6,6.4,4.8,4.4,1
24.27926078,6.2,3.4,7.2,6.3,3.7,0
24.27926078,7,5.5,5.7,6.3,6,0
73.3963039,7.8,6.2,4.1,4,8.3,0
2.102669405,8.6,5.5,4.1,5.6,6.7,0
2.102669405,8.6,3.4,4.1,7.1,6,0
2.102669405,7.8,4.1,4.1,7.1,6.7,0
8.772073922,6.2,4.8,7.2,5.6,6.7,0
86.04517454,3,7.6,7.2,4.8,2.9,0
19.44969199,6.2,4.1,6.4,6.3,5.2,0
19.44969199,8.6,2.6,7.2,4.8,4.4,0
20.59958932,3,4.8,7.2,7.9,5.2,1
20.59958932,3,5.5,5.7,7.1,5.2,1
7.852156057,7,4.8,4.1,4.8,7.5,0
7.852156057,5.4,6.9,8,4.8,6,0
21.65092402,6.2,6.2,4.1,5.6,6.7,0
20.76386037,3,6.9,4.9,4.8,7.5,0
33.97125257,7,6.2,3.3,3.3,3.7,0
99.77823409,5.4,2.6,7.2,7.1,5.2,0
99.77823409,5.4,4.1,8.7,4.8,2.9,0
60.78028747,7.8,6.2,6.4,7.9,6,0
60.78028747,3.8,3.4,5.7,8.7,7.5,0
51.58110883,3.8,6.9,4.9,4.8,6,0
5.585215606,6.2,3.4,8,3.3,3.7,0
6.866529774,4.6,4.8,8.7,4.8,6,0
23.9835729,7.8,2.6,5.7,8.7,5.2,0
9.691991786,7.8,3.4,5.7,4,6,0
73.29774127,5.4,8.4,4.1,4.8,6,1
73.29774127,7.8,5.5,4.1,4.8,5.2,1
34.56262834,9.4,4.8,4.1,7.1,5.2,1
34.56262834,7.8,4.8,3.3,7.1,5.2,1
42.90759754,6.2,6.2,4.1,4.8,6,0
70.93223819,4.6,4.1,5.7,8.7,5.2,0
5.35523614,6.2,5.5,6.4,7.1,6,0
43.17043121,4.6,6.2,7.2,6.3,6,0
11.72895277,6.2,3.4,6.4,7.1,6.7,0
4.468172485,7,4.1,6.4,6.3,6.7,0
55.12936345,6.2,6.2,2.6,4.8,8.3,0
55.12936345,5.4,7.6,4.9,2.5,6.7,0
0.887063655,10,3.4,3.3,4,7.5,0
13.8973306,8.6,4.8,7.2,4,3.7,1
49.70841889,7,3.4,4.9,7.9,9,0
7.12936345,7,6.2,4.1,4.8,8.3,0
2.792607803,7,5.5,4.1,5.6,8.3,1
9.067761807,4.6,8.4,5.7,4,4.4,0
113.8398357,2.2,4.8,8.7,7.9,5.2,0
113.8398357,3.8,3.4,8.7,7.1,3.7,0
66.69404517,7.8,4.8,2.6,8.7,7.5,0
66.69404517,8.6,4.1,1.8,8.7,8.3,0
92.64887064,4.6,7.6,9.5,2.5,1.3,0
92.64887064,5.4,5.5,7.2,5.6,2.9,0
57.69199179,5.4,5.5,6.4,2.5,4.4,0
3.811088296,1.4,6.9,8,6.3,5.2,0
106.2176591,5.4,5.5,5.7,4.8,9.8,0
19.51540041,5.4,7.6,6.4,4.8,6,0
19.51540041,6.2,6.2,6.4,4,6,0
15.11293634,7.8,4.8,3.3,6.3,7.5,1
22.24229979,3,6.9,6.4,5.6,6,0
22.24229979,7,6.2,5.7,4.8,4.4,0
26.80903491,1.4,6.9,8,4,5.2,1
5.749486653,3.8,4.8,7.2,5.6,4.4,0
10.11909651,7.8,4.8,3.3,5.6,6.7,0
10.11909651,10,4.1,1.8,6.3,8.3,0
52.00821355,6.2,6.9,8.7,3.3,2.9,0
105.8234086,4.6,7.6,4.1,4.8,6,0
3.482546201,4.6,6.2,4.9,6.3,4.4,0
7.523613963,7,4.8,6.4,5.6,5.2,0
16.06570842,6.2,6.2,6.4,3.3,6.7,0
43.26899384,3.8,7.6,5.7,6.3,5.2,0
20.89527721,3.8,6.2,6.4,4.8,6.7,0
1.18275154,7,9.1,1.8,4.8,6,0
132.8952772,3.8,5.5,8.7,3.3,3.7,0
132.8952772,3,6.9,6.4,3.3,2.9,0
93.8973306,5.4,4.8,5.7,6.3,5.2,0
21.88090349,7,1.9,9.5,5.6,6,0
21.88090349,6.2,2.6,8.7,6.3,6,0
21.88090349,5.4,2.6,10,3.3,3.7,0
21.88090349,4.6,5.5,10,2.5,5.2,0
11.92607803,7,4.8,6.4,4.8,7.5,0
3.416837782,8.6,4.8,3.3,4,6.7,1
58.94045175,6.2,7.6,4.1,4,8.3,0
23.55646817,7,6.9,1.8,6.3,10,0
16.62422998,6.2,2.6,2.6,10,7.5,0
4.501026694,6.2,4.8,6.4,7.1,7.5,0
36.73100616,4.6,6.9,7.2,5.6,4.4,0
36.73100616,6.2,4.8,4.9,4.8,3.7,0
72.57494867,4.6,4.1,6.4,4.8,4.4,0
52.10677618,6.2,4.8,5.7,5.6,8.3,0
13.5687885,6.2,4.8,2.6,5.6,6.7,1
6.176591376,3.8,7.6,8.7,4,4.4,1
60.25462012,6.2,7.6,6.4,2.5,4.4,1
3.482546201,3.8,6.2,6.4,5.6,3.7,0
7.852156057,1.4,4.8,8.7,5.6,2.1,0
7.852156057,3,8.4,8,3.3,2.1,0
1.80698152,3,4.1,9.5,7.1,5.2,1
1.445585216,6.2,6.2,4.9,5.6,6,0
72.67351129,4.6,4.8,8,6.3,4.4,0
60.94455852,5.4,4.8,6.4,6.3,7.5,1
44.94455852,2.2,7.6,6.4,4.8,7.5,0
90.51334702,3,5.5,9.5,6.3,3.7,1
6.439425051,7.8,5.5,1.8,6.3,6.7,1
9.330595483,3.8,6.2,6.4,7.1,5.2,0
7.195071869,7.8,4.8,3.3,6.3,6.7,0
24.27926078,3,7.6,8.7,3.3,2.9,0
44.55030801,7,5.5,4.1,5.6,6.7,0
16,6.2,2.6,4.9,7.9,6,1
166.0780287,3.8,4.8,9.5,4,2.1,1
51.74537988,5.4,9.1,4.9,3.3,6.7,0
59.76180698,3.8,6.9,4.1,5.6,3.7,0
30.12731006,4.6,5.5,7.2,4.8,6,0
12.32032854,6.2,2.6,8,6.3,7.5,0
89.36344969,7,4.8,4.9,6.3,7.5,1
74.05338809,5.4,4.1,6.4,6.3,7.5,1
45.07597536,6.2,6.9,1.8,5.6,7.5,0
5.749486653,2.2,4.1,5.7,8.7,6,0
20.96098563,4.6,7.6,7.2,3.3,6.7,1
21.15811088,7,4.8,4.9,7.1,6,0
19.94250513,6.2,3.4,6.4,7.1,2.9,1
29.24024641,3.8,5.5,5.7,4.8,3.7,1
19.35112936,3.8,6.9,8,6.3,5.2,0
112.788501,4.6,1.9,7.2,5.6,7.5,0
48.62422998,6.2,6.2,6.4,5.6,5.2,0
103.5893224,7.8,3.4,5.7,5.6,8.3,0
52.79671458,6.2,6.9,8.7,3.3,2.9,0
33.67556468,1.4,4.1,9.5,7.1,5.2,0
65.3798768,5.4,5.5,4.9,8.7,7.5,0
50.0698152,3.8,8.4,4.9,4,8.3,0
31.34291581,6.2,4.1,8,4,1.3,0
31.34291581,4.6,4.1,9.5,6.3,1.3,0
142.75154,3.8,6.2,4.1,7.9,5.2,0
4.1724846,3.8,6.2,6.4,5.6,3.7,0
49.47843943,5.4,4.8,2.6,8.7,9.8,0
2.135523614,5.4,4.1,8,7.1,8.3,0
2.135523614,3,5.5,7.2,7.9,6,0
75.8275154,2.2,6.2,8.7,4,2.1,0
67.4825462,4.6,6.9,3.3,6.3,9,0
9.133470226,7.8,8.4,2.6,4,6.7,0
9.133470226,7.8,7.6,3.3,4.8,6.7,0
33.28131417,3,6.9,8,4,3.7,0
32,7,3.4,4.9,7.1,6.7,0
53.42094456,3,4.8,4.1,7.1,7.5,0
45.5687885,7,6.2,6.4,4,5.2,1
9.757700205,6.2,4.1,4.9,7.9,6.7,0
14.55441478,5.4,2.6,3.3,7.9,6,0
8.837782341,4.6,6.2,5.7,6.3,6.7,0
12.78028747,5.4,5.5,3.3,4.8,6.7,1
14.48870637,3.8,4.1,8.7,4.8,5.2,0
14.48870637,5.4,3.4,9.5,6.3,3.7,0
14.48870637,3.8,4.1,8.7,4.8,5.2,0
14.48870637,5.4,3.4,9.5,6.3,3.7,0
1.675564682,5.4,4.8,6.4,4.8,6.7,0
113.0513347,4.6,6.9,4.1,6.3,7.5,0
48.6899384,6.2,3.4,7.2,2.5,3.7,0
48.6899384,6.2,5.5,7.2,7.1,4.4,0
29.30595483,6.2,8.4,5.7,4,6,1
13.10882957,3,3.4,6.4,7.1,6,1
7.12936345,5.4,6.9,7.2,2.5,4.4,1
54.9650924,5.4,5.5,6.4,7.9,6,0
74.74332649,4.6,2.6,8,4,2.9,1
84.89527721,4.6,3.4,7.2,7.1,4.4,0
35.94250513,5.4,4.8,2.6,7.9,9,0
50.23408624,7.8,7.6,2.6,5.6,7.5,0
57.52772074,6.2,3.4,2.6,7.1,5.2,0
4.76386037,7.8,2.6,4.1,8.7,6.7,0
30.71868583,4.6,2.6,7.2,6.3,5.2,0
55.95071869,5.4,4.8,4.9,7.9,5.2,0
58.4476386,6.2,5.5,3.3,7.9,6.7,0
38.89938398,4.6,4.8,4.1,7.1,10,0
9.49486653,6.2,5.5,5.7,6.3,5.2,0
42.57905544,6.2,6.2,5.7,5.6,7.5,0
42.57905544,6.2,7.6,4.1,4.8,9,0
114.8583162,7,5.5,4.9,4.8,7.5,1
18.7926078,7,2.6,4.1,8.7,9,0
10.51334702,6.2,4.1,4.9,7.9,6.7,0
51.08829569,6.2,2.6,4.9,6.3,6.7,1
40.47638604,6.2,3.4,5.7,6.3,7.5,0
5.420944559,3,6.2,10,4,3.7,1
71.22792608,3.8,4.1,8,7.9,5.2,1
15.34291581,4.6,6.2,9.5,5.6,4.4,0
21.48665298,9.4,5.5,3.3,3.3,5.2,0
12.32032854,7,4.8,4.1,4,4.4,0
3.252566735,2.2,9.8,7.2,3.3,2.1,1
11.79466119,4.6,4.1,8.7,4.8,4.4,0
108.8788501,7.8,7.6,4.1,1.7,5.2,1
21.88090349,7.8,7.6,4.1,1.7,5.2,0
37.32238193,4.6,5.5,8.7,4,3.7,0
23.95071869,9.4,4.8,4.1,7.1,5.2,1
23.95071869,7.8,4.8,3.3,7.1,5.2,1
51.31827515,4.6,5.5,3.3,7.9,7.5,0
15.60574949,7.8,2.6,4.9,8.7,7.5,0
1.149897331,7.8,3.4,1.8,7.1,7.5,0
51.8110883,7,8.4,4.9,3.3,6.7,0
61.79876797,3.8,7.6,4.9,5.6,6,1
45.43737166,6.2,5.5,4.9,6.3,6,0
17.24845996,6.2,2.6,7.2,7.1,2.9,0
25.98767967,6.2,6.2,7.2,4.8,5.2,0
19.05544148,3.8,3.4,8.7,7.1,6,0
29.70020534,1.4,5.5,6.4,10,5.2,0
29.70020534,2.2,5.5,7.2,9.4,6,0
59.86036961,6.2,6.9,4.1,5.6,6,1
51.84394251,4.6,4.1,4.9,9.4,6.7,0
58.97330595,4.6,4.8,6.4,7.9,6.7,0
85.48665298,3.8,2.6,9.5,7.1,2.1,0
118.899384,9.4,8.4,3.3,3.3,8.3,1
32.32854209,7,4.8,6.4,2.5,4.4,1
38.86652977,5.4,4.8,7.2,4,8.3,1
56.77207392,4.6,4.1,6.4,7.1,2.1,1
56.77207392,5.4,3.4,6.4,4.8,2.9,1
9.691991786,4.6,4.8,4.1,7.1,9,0
7.950718686,7.8,4.1,2.6,7.9,6.7,0
8.87063655,3.8,4.1,5.7,4.8,9,1
8.27926078,8.6,4.8,2.6,8.7,7.5,1
8.772073922,6.2,4.8,5.7,4,7.5,0
3.121149897,9.4,6.2,4.1,4.8,7.5,0
3.121149897,7,6.2,5.7,4.8,5.2,0
33.01848049,5.4,6.2,7.2,3.3,2.1,0
5.815195072,4.6,5.5,6.4,5.6,7.5,1
5.256673511,3,6.2,8,4.8,2.9,1
19.18685832,6.2,5.5,3.3,7.9,9,0
8.180698152,3.8,5.5,2.6,9.4,3.7,0
27.86036961,9.4,5.5,2.6,4.8,5.2,0
3.318275154,7,2.6,4.9,7.9,5.2,0
11.72895277,7,4.8,5.7,7.1,7.5,0
27.56468172,3.8,6.9,2.6,7.1,6.7,0
36.33675565,7,9.1,3.3,2.5,6,0
78.91581109,4.6,6.9,4.9,7.1,6,1
23.45790554,6.2,9.1,4.1,3.3,6.7,0
23.45790554,7,7.6,3.3,3.3,6.7,0
132.4024641,4.6,6.9,2.6,4.8,6,0
45.79876797,3.8,9.1,4.1,4.8,4.4,1
32.45995893,3.8,4.1,6.4,7.9,6.7,1
45.53593429,3.8,6.9,4.1,7.1,7.5,1
43.4661191,6.2,3.4,4.9,6.3,6.7,0
97.44558522,7.8,4.8,3.3,6.3,7.5,0
25.33059548,8.6,3.4,3.3,6.3,2.1,0
29.96303901,3.8,7.6,4.9,4.8,4.4,0
52.73100616,5.4,4.1,8,4.8,3.7,1
52.73100616,5.4,5.5,5.7,4,8.3,1
52.73100616,3.8,8.4,5.7,3.3,7.5,1
20.46817248,2.2,6.9,6.4,4.8,2.1,0
42.94045175,4.6,7.6,5.7,4,5.2,1
89.36344969,7,4.8,4.9,6.3,7.5,1
90.90759754,7,4.1,4.1,5.6,6,0
9.921971253,9.4,4.8,2.6,4.8,9,0
16.49281314,9.4,5.5,1.8,4.8,6.7,0
51.87679671,9.4,6.2,3.3,4,6,1
34.95687885,7,2.6,6.4,5.6,5.2,0
95.96714579,4.6,3.4,6.4,6.3,6.7,0
0.755646817,7,5.5,4.1,4,5.2,1
16.65708419,5.4,4.8,5.7,4,3.7,0
17.41273101,7.8,5.5,5.7,6.3,6,1
79.54004107,3.8,5.5,6.4,4,4.4,0
86.83367556,3.8,6.2,8,4,2.9,1
59.00616016,3.8,4.1,8.7,6.3,5.2,1
46.22587269,7,6.2,2.6,6.3,7.5,1
153.100616,6.2,3.4,4.9,7.9,5.2,0
7.162217659,3,7.6,7.2,4,7.5,0
7.162217659,1.4,8.4,8,4.8,6,0
6.800821355,7.8,3.4,1.8,8.7,6.7,0
79.80287474,3.8,5.5,6.4,4,4.4,0
94.78439425,6.2,6.2,3.3,4,9,0
94.78439425,5.4,6.2,4.9,6.3,7.5,0
59.17043121,8.6,4.8,2.6,7.1,8.3,0
11.00616016,3.8,4.1,6.4,9.4,6,1
6.800821355,5.4,4.8,6.4,7.1,8.3,0
26.67761807,7,2.6,6.4,7.1,2.1,0
11.56468172,5.4,4.1,4.9,7.9,7.5,0
53.35523614,3,5.5,6.4,6.3,4.4,0
12.5174538,1.4,6.9,6.4,8.7,6,0
6.669404517,9.4,5.5,3.3,4,7.5,0
10.61190965,8.6,3.4,2.6,4.8,8.3,0
10.61190965,8.6,3.4,2.6,4.8,8.3,0
118.8008214,4.6,5.5,7.2,6.3,3.7,0
49.41273101,3.8,7.6,5.7,6.3,5.2,0
24.83778234,9.4,1.2,4.1,5.6,6.7,0